15421364928897
15448519606657
15421171892609
15422795088257
15448521245057
15448749048193
15421617537409
15427280142721
15412831256961
15421516218753
15433444884865
15448569184641
15448772870529
15413245870465
15448775557505
15448752718209
15448761958785
15448081662337
15433468510593
15448518754689
15448096801153
15448505418113
15422037361025
15433445278081
15422912332161
15436368511361
15448500437377
15433445179777
15430444253569
15448518525313
15448773624193
15413025145217
15448522293633
15448748818817
15433445605761
15448100798849
15448080122241
15448091689345
15448764121473
15433444589953
15435169595777
15413245968769
15416343757185
15413083832705
15448579670401
15433444622721
15435242668417
15422786535809
15448791548289
15448782078337
15435169530241
15448088904065
15448790106497
15448509874561
15448750883201
15448763564417
15448503681409
15422915445121
15448089756033
15416470208897
15448787845505
15396249502081
15448709759361
15448098865537
15448754815361
15448096473473
15448100766081
15448791318913
15448501977473
15448089100673
15427238035841
15448788664705
15433444721025
15435370201473
15448762286465
15448763400577
15448520130945
15448518852993
15448100438401
15412915110273
15429976031617
15448100929921
15448521900417
15448584552833
15433444917633
15448080417153
15448079171969
15448099389825
15448746754433
15448578654593
15448524292481
15448093360513
15448506237313
15431384269185
15433444688257
15435409981825
15433445572993
15448501223809
15448079303041
15435229495681
15448093393281
15448568856961
15448519704961
15448093983105
15448520425857
15448503026049
15448520819073
15448505876865
15433444753793
15429997855105
15448783126913
15448763335041
15422937792897
15435369808257
15448521146753
15448567054721
15448751079809
15448099094913
15430344507777
15448520524161
15448708055425
15448776442241
15433445015937
15433468608897
15448787583361
15448506368385
15448505287041
15447982768513
15435189879169
15448521605505
15448785158529
15435369611649
15448746164609
15422958338433
15448099324289
15416026235265
15413084160385
15448703172993
15448571445633
15430344704385
15448773427585
15422931927425
15421165601153
15427280208257
15433444458881
15448702321025
15448520163713
15422949130625
15448568037761
15448791744897
15412752155009
15413023113601
15448519836033
15448502600065
15448098341249
15448505352577
15448790237569
15435169268097
15448776868225
15448699601281
15435242865025
15448761631105
15421564912001
15448524095873
15448093720961
15448754258305
15448762712449
15448715985281
15435229692289
15448100372865
15448089690497
15422933500289
15435112415617
15448089133441
15430491668865
15421165502849
15447948001665
15448792269185
15433445147009
15435177165185
15448501944705
15448079434113
15396249960833
15448788271489
15448748949889
15448753799553
15448782504321
15448505975169
15448100864385
15448509841793
15448791220609
15448751440257
15448097390977
15431327416705
15448775131521
15427279290753
15433445310849
15431375880577
15435115725185
15448567480705
15435169366401
15427279159681
15448791056769
15448093524353
15433445343617
15448791974273
15448762450305
15448520294785
15448505221505
15427279618433
15448764580225
15422934909313
15429997724033
15448787550593
15448568103297
15448520098177
15448522621313
15448567087489
15448775917953
15448760680833
15433468576129
15431376077185
15431384859009
15448090247553
15448709497217
15448777130369
15433444426113
15448529076609
15431376339329
15448701010305
15448792072577
15430422593921
15448572952961
15448702091649
15448568725889
15448520589697
15448501551489
15448762384769
15431376142721
15448101093761
15448098242945
15422040277377
15448090050945
15435144298881
15433444557185
15421414211969
15448092246401
15448096735617
15433445441921
15448099225985
15413651046785
15430488883585
15448081564033
15448708645249
15448783880577
15448751014273
