1443876506416844800
F5BA858E-89C8-4A3C-8DDD-4211AEBC09F6
0402F562-D0B3-4AD4-9262-A13BF02A910E
2408290840481605200
1736982514977218560
1698297288344481792
1759039858024132608
2603021237101628800
1408332641408782336
1385891886799130624
1379707815668617216
1723156051115118592
1633750013945851904
2603201004391630100
1716847966029352960
2408210642591619700
1411894303965450240
1369945564292190208
1737017660417773568
1400686848476581888
1570981177232732160
1780104757038813184
1391639510676279296
1383313727658528768
1619229886437142528
0CE2033A-DAC8-4F3B-8857-F56271E2D86A
2409131134451623700
1385525235943608320
2406150920131602100
1772531457106386944
2408040216121601000
2407250340191623200
1757964078699515904
2407111004261605400
1763435329618452480
1735485270184701952
1746117627677782016
1751494277517025280
1729804830341865472
1735263488685121536
2407250317401626300
1711695742198353920
1442344388595421184
1442339841068109824
1696391652102909952
1439773507859910656
1452900498217766912
1682660448442781696
AD85C3F8-E2DA-4C4E-881D-FE779FE42D2D
1417727473638051840
1644248213764968448
04B4E2C4-3796-41D7-B30E-F1D5BA6B674E
1444551662504120320
1619169632949121024
1397462194270113792
1381422527187914752
1609358641688227840
2407240552151625800
1661261861666426880
1546368801518923776
87228138-54D9-43B3-88DC-43DDA37CA47D
1586604104162488320
56A53647-8323-499B-BC8B-47CF698F92CC
1439900559028129792
1586604104162488320
1439900559028129792
56A53647-8323-499B-BC8B-47CF698F92CC
1787081930731687936
1454981533952774144
14304914-4D4C-4714-9376-8E46DAC60881
1761567715766050816
4F27B300-27E8-4D7D-B380-2D11D13328AE
1793119184633729024
1432989689811439616
1413026397437431808
1793458280946208768
1392687111479627776
1745985820810551296
7D610C7D-CFE6-4D89-863F-D55E0C4E7F4B
1780497691810734080
1694549489312342016
1552183465737728000
1744902486583943168
1696914549217169408
1430437322624733184
2408230650431612000
1405419812154380288
1772618405682618368
65AA9A1A-CC41-4B44-BCEC-1E283D65D507
2408210503251624401
1406888557448138752
1531911064248659968
1770647915107721216
1765636070475046912
2408140350491608800
1747176162884849664
1447546207286202368
1791315508076224512
1793111267876544512
1773552640769658880
1740668576433975296
1422455623806750720
1640625722207252480
1725402458056306688
1596790024970973184
1402526990677970944
1369554622951329792
1384754765635915776
1743183152962609152
1530875317135618048
1417697830444863488
1383296886471004160
1435227223044001792
9BDA360E-DE48-4110-9C53-5B03DAAD9885
1356864306993565696
1356864306993565696
9BDA360E-DE48-4110-9C53-5B03DAAD9885
1759085260295385088
CE45EEA3-DDF4-43AD-888F-79658DC973BA
8C81470F-28CA-4819-85DA-69E8522C41F7
BCCA4886-855C-4C6C-AAED-E7DDAE94BF6B
1645288711598379008
1405082598895652864
1417313403038470144
F25DF9B2-5E6B-42C9-85FD-B34D55E39822
1508633954092593152
9FDDBBC8-79FE-4C42-B83C-09FD81A375C9
1379687316490162176
1645715138982449152
1366986464797265920
1385163973162307584
9DF9D888-C5A9-4339-9AAD-1DE223D295FC
6C620040-0081-47B4-8AFF-49D630EAFB13
1399597314246578176
1377886947560787968
1407291261517434880
797136B6-1CB3-4164-B080-16D0032A923A
1407291261517434880
1739094322672316416
1387598618436964352
0EA586E3-C468-433C-8E4E-BAD818198DB1
1235A521-1D2A-4DB5-A427-06F92975AB74
C22DBC56-487D-4421-9A1B-BD3DECC351B7
676E1FAA-59C4-4813-8B68-1BDCDA5F66F0
2406150253321608200
44E4345F-E33C-49EF-B436-926E2D694C50
160CA70E-1448-4E4D-B76D-341602BF7780
1794612172111224832
1372382106822512640
C8D40BF4-3B2C-41E5-B09C-E2549739FD59
1742131093098205184
1578588525153497088
1398210030423117824
2408290949511601200
F58D31C0-BCD7-446E-B17B-E6677BD68B2C
14ED6CF6-B593-4E93-B8AB-2A343DE15B8A
2408220943311609400
7C866B2B-8EC3-428F-9631-58709EC9A593
89D3EA68-37A4-4F3C-ADBE-8986435235A8
2406190632591601600
1385156698792136704
1443459372838686720
1798960360955981824
540595A7-B105-4004-8A2B-1F6B2E23525E
1395916560924807168
1754843727253741568
ADE2214A-C28F-4997-875F-1906BA6B807F
1621444648612933632
1725686332783071232
1722452189077049344
D9DFDCF8-914F-43D2-9704-9E98E4B1E715
1630142865865191424
441E8559-62B0-4BC6-8155-604267926CDA
2407160828401622500
1418898564121235456
9B346B1E-CDDB-4CE1-B23D-11340A343F86
1636935250334986240
1414424048481472512
1398154876147601408
1590231024234147840
1356909656152346624
2407260303181621600
B4E01F46-09AD-4B90-A430-38A0590747B9
1409770234084200448
2406290750091628800
1740671869289762816
1388063174305124352
1586184516597723136
E515A664-8792-40C0-815E-40066B186582
1636202620727603200
8FF0CC4D-EDD4-4C7F-99C6-37B8CDBCA0A1
1392376617111785472
1372547204052553728
1585251275422314496
932A09A9-4A91-462D-A04D-235E9F41EC59
15E2D96A-2669-4C2D-96D7-71931134E6A1
2407110211521609400
1745702295637073920
1407934219342188544
2603140713091606200
1705761720628682752
2407140642131613900
3C903069-4390-4C74-9A70-37D44ADA6E76
1673563451437879296
1702616383424569344
1394558713930584064
1650336395719872512
1465499929299521536
1738111885171494912
1645635953874178048
1386860932235399168
1735994503384801280
2407050641391618000
1372477775134461952
1442023047648382976
1406502793421918208
35999C05-D466-44E8-806D-95077A4901AF
57839995-C236-4FA2-89D5-0442B4E4D174
2408080243331619200
1401748063265099776
1396753730501742592
D2C89161-B5F9-4B6C-99D1-9D9E3B00A2A8
2509300344371602900
2504160340161610900
1777220001674563584
1746705645098774528
C52E81E5-16AF-4727-8E12-097B778AFBDB
1742082910515113984
1574601672461135872
2406280406051609500
2406260732171607700
1788871493208780800
1733709642808692736
1733460847017598976
1687032314666168320
1443186708781862912
1404401083576619008
1377810240736727040
B3F1A6E2-EE92-4706-A7C5-07EEDE26C962
8FDAF06D-C5E3-4623-A96D-697A46D48574
2607140739201614200
1265790C-29A8-4EAD-A9DB-8BFCFBF0B6CA
E96420EC-3543-4464-A00D-7CDD43BD924A
A5C114E4-AFCB-4CF8-92B7-56132951AC00
C18BC7C3-22EE-42B7-A2F0-41D1CD8D7134
2411210716171622900
1689893851286212608
1451726046176088064
2733EBE9-EE7B-4C14-B66F-4FD785227004
76D4683B-D441-4391-AA50-E0FF87EBA1B2
35AE52BA-A0A5-4823-B7F5-67A9DA61B50B
1736660926335561728
F0009A18-21BC-4948-B06E-3A45BB1D969A
1614887215363010560
75A93283-D3D7-43B6-BC85-32896F7467D3
8BCC2D5F-DEA0-4A14-B745-4A5ED58FEC7A
CBD83C55-4FED-4736-931E-0B660599BA2E
2510240632501620300
2510240339121612300
1614875855770103808
1735991866367160320
1737727867095625728
2510170716351647500
2510170658171656200
C9F7E167-2873-4288-82EA-75AF22BD844C
4743765A-5B29-414D-A3CE-BA42B5A32A1A
1547106675654668288
1433704456083607552
1691746075448709120
1564159699686273024
1604379178386862080
66AF7199-5C59-4FC8-A506-B0131D97B18D
1421036044161257472
1432187342642352128
50259EC9-9544-4179-92F5-21D76D2257BB
1D323049-857A-4470-935D-8124F626646F
2603120408221629200
1587741706898911232
2510300729471609000
1422045026183155712
1785940823100628992
2607290842461606900
1365530192042397696
1594524831297581056
1735588212640325632
1717081397313155072
2512210137501637000
B251F6B7-C60D-4A8A-A365-D2FAA185FB06
1764976827149332480
1383958670869663744
1738070781529169920
49916D21-1156-4092-B276-C3AF88FF69F3
1793217446288035840
2406150943481606500
1755125076053209088
1793204925158141952
C6131983-F877-42F7-8373-25BE6DAC6A7D
1791352270618103808
1598519300065865728
1767477344236736512
1748253695105576960
1677867740650024960
1767476065984843776
70AB2181-E297-4CB8-BF5E-3649EC0525D6
1454357869246943232
1618536649636458496
BC5B4413-E8ED-43E1-8D78-E2FC8E0EEF9C
44A35EBA-6CD2-4BC2-AD9E-CFB2A7AF4563
1748250426014699520
1385544358534713344
A864FA7E-7F38-4177-B1CA-19F960530FAD
4E64DDED-0526-4298-9007-1B8515395DB3
1754429395776839680
1768910892147679232
1738072442670690304
1729321813978656768
1726155830476677120
1390483418684461056
1723906263773356032
1716685959464497152
1699043188595494912
1691697062942875648
1697485614536470528
1710191515009556480
1668162556910899200
1625724694777311232
1740931020653862912
1462712898009829376
1407510132337807360
1786015791998054400
1383323687968706560
1F998569-751C-4BAB-AE68-21B070812D40
1738065563932430336
2214C763-5C12-47DA-A731-6588950B2563
1379380891666747392
2507250252261628000
1699313204494610432
1767464516222193664
1633699880617127936
1402914154276327424
1362331013929373696
1583646011715760128
1462607781910679552
1427479091665309696
87CD49AE-9F23-4C8A-A060-5B8E22190F62
2509270524341612200
61BE7639-53AF-4AD3-AFE7-64860D677613
1793220351007137792
1642026798701613056
2411251126191606800
1791348913472020480
1385533991431573504
FC154BCD-29CD-436E-89F9-50DF9538524D
AE255857-2B3C-46A0-97CD-0A647B8DF11C
01446A03-4F86-41FE-9718-569651FF4697
0716DCCB-708B-4683-93C0-BEA5FE97EAC7
1742882364319080448
1359763644052803584
A540AE1F-4FB7-4FBA-9843-216B0AF2553E
1734123258338881536
1601129173983178752
1604658817084698624
63196286-E043-40BB-825C-52A06FE26A79
1604036681487888384
1685133660321751040
1383043889996369920
1478588120789291008
1735861562679758848
E94444E6-AD4C-4106-B968-915722079940
B5F4DFB3-602C-4B14-8E8E-32CF37B295CC
1655805331345256448
1598917667489067008
1396281783972139008
BF206E49-03ED-47C2-9EFD-692E10769911
494BAA05-2679-4827-A836-584BC00D243E
1285585B-7C1A-457C-B1A2-FDA0430EC295
1636285455035543552
1A614413-3A74-4F71-8E1A-53C5F385A690
66FAC940-8B2F-42CE-B1FE-FCD07EA3097B
A7BC5CBB-9A08-4FAC-9376-C291A42E485C
B7E24C43-5FCA-40F7-AB44-E684905CE5E3
3068B4BD-4E72-4C4A-B155-1994D33BEA17
1731131855019184128
2408300716221612100
1720612068782510080
1428221328070152192
2408300610371613200
1795753844194942976
1740313502310473728
2501070833041606900
425A52C3-C60D-491E-B714-CB06E41E74CB
3123D1C4-DF5D-493E-83B3-A89046F08379
1737687856891572224
2407070343561614600
1614847664858869760
1726502588339728384
1789978280632782848
1734474815634939904
1791374086803820544
1679317973330309120
1691683747709587456
EB222158-503E-43F0-8C45-0C49FF205D69
38432A9D-8152-4CF3-A877-4A5C5A2D860B
1565178106690940928
902A942C-A92F-4629-8E58-C3154682431A
3C59935F-6FD6-4143-B8C3-B1A7028F38C8
58CF260C-22CA-4E67-BEE5-609A7FC1A9C1
5DB5237F-4DFB-433C-AD37-B12C5B01C8E6
1427164850211131392
7B0362E4-119A-4762-979C-9937C2AD38B2
1636924029728731136
9B847FE1-E933-48AA-B538-7051397D414E
56795661-FEE7-48DC-B799-31359AFAB47A
1779705884684333056
1716405657424891904
1742783733851238400
1738096182657822720
1395661950603628544
1777321291444391936
1376788208574140416
D0B24A54-0D96-4311-BFD3-E4E1035CF9A4
2410210246201616100
1630798896974802944
1627202882837688320
4E864136-5524-4C51-B9A5-8FFC2F33B81F
1687026957193588736
1622471015383183360
5FFF5F4D-A178-4343-BE97-ECFCB4769542
1391935805584445440
