55969610301825	32.97	21.0	1	2026-09-24
55970047852929	31.78	19.9	1	2026-09-24
56056792383873	39.78	27.3	1	2026-09-24
56056792416641	39.78	27.3	1	2026-09-24
56056812011905	37.62	25.3	1	2026-09-24
56056812044673	39.78	27.3	1	2026-09-24
55970267627905	26.48	15.0	1	2026-09-24
55970302493057	44.86	32.0	1	2026-09-24
56057259065729	44.86	32.0	1	2026-09-24
56057259098497	56.21	42.5	1	2026-09-24
55970314355073	52.43	39.0	1	2026-09-24
55970678374785	45.51	32.6	1	2026-09-24
55970678407553	45.51	32.6	1	2026-09-24
55970678473089	41.62	29.0	1	2026-09-24
55970678505857	41.62	29.0	1	2026-09-24
55970678538625	41.62	29.0	1	2026-09-24
55970678571393	41.62	29.0	1	2026-09-24
55970678604161	41.62	29.0	1	2026-09-24
55970678636929	42.70	30.0	1	2026-09-24
55970678669697	42.70	30.0	1	2026-09-24
55970678702465	42.70	30.0	1	2026-09-24
55970678866305	49.19	36.0	1	2026-09-24
55970678931841	37.29	25.0	1	2026-09-24
55970678964609	37.29	25.0	1	2026-09-24
55970678997377	37.29	25.0	1	2026-09-24
55970678899073	30.81	19.0	1	2026-09-24
55970679030145	29.73	18.0	1	2026-09-24
55970679062913	29.73	18.0	1	2026-09-24
55970679161217	43.02	30.3	1	2026-09-24
55970679193985	43.02	30.3	1	2026-09-24
55970679226753	39.24	26.8	1	2026-09-24
55970679292289	41.83	29.2	1	2026-09-24
55970679325057	41.83	29.2	1	2026-09-24
55970679095681	30.81	19.0	1	2026-09-24
55970679128449	30.81	19.0	1	2026-09-24
55970679488897	62.81	48.6	1	2026-09-24
55970679521665	62.81	48.6	1	2026-09-24
55970679554433	62.81	48.6	1	2026-09-24
55970679259521	55.67	42.0	1	2026-09-24
55970679390593	31.78	19.9	1	2026-09-24
55970679423361	31.78	19.9	1	2026-09-24
55970679456129	31.78	19.9	1	2026-09-24
55970679587201	50.27	37.0	1	2026-09-24
55970679619969	50.27	37.0	1	2026-09-24
55970679652737	50.27	37.0	1	2026-09-24
55970679685505	31.78	19.9	1	2026-09-24
55970679718273	31.78	19.9	1	2026-09-24
55970679751041	31.78	19.9	1	2026-09-24
55970679783809	50.27	37.0	1	2026-09-24
55970679816577	50.27	37.0	1	2026-09-24
55970679849345	45.40	32.5	1	2026-09-24
55970679882113	45.40	32.5	1	2026-09-24
55970679914881	45.40	32.5	1	2026-09-24
55970679357825	54.70	41.1	1	2026-09-24
55970679947649	42.70	30.0	1	2026-09-24
55970679980417	42.70	30.0	1	2026-09-24
55970680013185	42.70	30.0	1	2026-09-24
55970680045953	66.91	52.4	1	2026-09-24
55970680078721	66.91	52.4	1	2026-09-24
55970680111489	48.64	35.5	1	2026-09-24
55970680144257	48.64	35.5	1	2026-09-24
55970680177025	48.64	35.5	1	2026-09-24
55970680209793	48.64	35.5	1	2026-09-24
55970680439169	36.00	23.8	1	2026-09-24
55970680471937	36.00	23.8	1	2026-09-24
55970680242561	42.48	29.8	1	2026-09-24
55970680275329	42.48	29.8	1	2026-09-24
55970680308097	47.46	34.4	1	2026-09-24
55970680340865	47.46	34.4	1	2026-09-24
55970680373633	49.19	36.0	1	2026-09-24
55970680406401	49.19	36.0	1	2026-09-24
55970680668545	45.62	32.7	1	2026-09-24
55970680701313	45.62	32.7	1	2026-09-24
55970680603009	31.35	19.5	1	2026-09-24
55970680635777	31.35	19.5	1	2026-09-24
55970680832385	38.38	26.0	1	2026-09-24
55970680865153	38.38	26.0	1	2026-09-24
55970680734081	35.13	23.0	1	2026-09-24
55970680766849	35.13	23.0	1	2026-09-24
55970680799617	35.67	23.5	1	2026-09-24
55970680504705	52.32	38.9	1	2026-09-24
55970680537473	52.32	38.9	1	2026-09-24
55970680996225	37.73	25.4	1	2026-09-24
55970681028993	64.64	50.3	1	2026-09-24
55970681061761	64.64	50.3	1	2026-09-24
55970680897921	46.81	33.8	1	2026-09-24
55970680930689	46.81	33.8	1	2026-09-24
55970680963457	46.81	33.8	1	2026-09-24
55970681127297	41.62	29.0	1	2026-09-24
55970681160065	41.62	29.0	1	2026-09-24
55970681192833	67.89	53.3	1	2026-09-24
55970681225601	49.94	36.7	1	2026-09-24
55970681258369	43.13	30.4	1	2026-09-24
55970681291137	43.13	30.4	1	2026-09-24
55970681323905	43.13	30.4	1	2026-09-24
55970681356673	43.13	30.4	1	2026-09-24
55970681389441	43.13	30.4	1	2026-09-24
55970681422209	43.13	30.4	1	2026-09-24
55970681586049	80.53	65.0	1	2026-09-24
55970681618817	65.18	50.8	1	2026-09-24
55970681651585	65.18	50.8	1	2026-09-24
55970681684353	65.18	50.8	1	2026-09-24
55970681717121	65.18	50.8	1	2026-09-24
55970681454977	40.00	27.5	1	2026-09-24
55970681487745	37.94	25.6	1	2026-09-24
55970681520513	37.94	25.6	1	2026-09-24
55970681553281	37.94	25.6	1	2026-09-24
55970681848193	55.67	42.0	1	2026-09-24
55970681880961	55.67	42.0	1	2026-09-24
55970681913729	55.67	42.0	1	2026-09-24
55970681749889	56.54	42.8	1	2026-09-24
55970681782657	56.54	42.8	1	2026-09-24
55970681815425	63.78	49.5	1	2026-09-24
55970681979265	59.78	45.8	1	2026-09-24
55970682012033	59.78	45.8	1	2026-09-24
55970682044801	59.78	45.8	1	2026-09-24
55970682175873	43.02	30.3	1	2026-09-24
55970682077569	34.05	22.0	1	2026-09-24
55970682110337	34.05	22.0	1	2026-09-24
55970682143105	34.05	22.0	1	2026-09-24
55970682208641	38.38	26.0	1	2026-09-24
55970682241409	38.38	26.0	1	2026-09-24
55970682274177	38.38	26.0	1	2026-09-24
55970682306945	32.97	21.0	1	2026-09-24
55970682339713	36.21	24.0	1	2026-09-24
55970682372481	36.21	24.0	1	2026-09-24
55970682405249	34.05	22.0	1	2026-09-24
55970682438017	34.05	22.0	1	2026-09-24
55970682470785	34.05	22.0	1	2026-09-24
55970682503553	34.05	22.0	1	2026-09-24
55970682536321	34.05	22.0	1	2026-09-24
55970682569089	39.46	27.0	1	2026-09-24
55970682601857	39.46	27.0	1	2026-09-24
55970682634625	39.46	27.0	1	2026-09-24
55970682667393	33.84	21.8	1	2026-09-24
55970682700161	33.84	21.8	1	2026-09-24
55970682732929	36.11	23.9	1	2026-09-24
55970682765697	38.92	26.5	1	2026-09-24
55970682798465	38.92	26.5	1	2026-09-24
55970682831233	38.92	26.5	1	2026-09-24
