15448590745985
15449058181505
15449435799937
15448797839745
15449068011905
15449103073665
15449059131777
15448504336769
15449151209857
15447951507841
15449151242625
15449068765569
15448104075649
15449150816641
15449057526145
15449055265153
15449372459393
15449157108097
15449436291457
15448106598785
15448509153665
15449403588993
15448105779585
15447959241089
15449103565185
15449149669761
15449110610305
15449114902913
15449440846209
15449372295553
15449067553153
15449110741377
15449147670913
15448508891521
15449102156161
15449158943105
15449436619137
15448509383041
15448107549057
15448747671937
15449068077441
15449618645377
15449440747905
15449366823297
15448104370561
15449102090625
15448078909825
15448104141185
15449165595009
15449102385537
15449111298433
15449057100161
15449159074177
15449497895297
15449102254465
15449057624449
15449165824385
15449102451073
15449102549377
15449397297537
15448105550209
15449103171969
15449150620033
15449150456193
15449067782529
15449067356545
15449058083201
15448796889473
15448107221377
15449435439489
15448106664321
15449399198081
15449435242881
15449475416449
15448797643137
15448106533249
15449110446465
15448078811521
15449475842433
15449436258689
15449058017665
15448797053313
15449150685569
15449474924929
15449498616193
15448494866817
15448509514113
15449068929409
15449569624449
15449474269569
15449497665921
15449151635841
15449059164545
15449110544769
15449150751105
15449151275393
15449101926785
15448508760449
15448106238337
15449067389313
15449440813441
15449473646977
15449151340929
15449158287745
15449474531713
15447951999361
15449102975361
15448103944577
15449157271937
15449068437889
15448106336641
15449434882433
15448104337793
15449056903553
15448105648513
15449435537793
15449435832705
15449059230081
15449114313089
15448507711873
15447964254593
15449401524609
15449158844801
15449110643073
15449042715009
15449103401345
15449499566465
15447952425345
15449101959553
15449150194049
15449151668609
15448504238465
15448720769409
15449011585409
15449114476929
15449158680961
15449474433409
15447952753025
15449474793857
15448104632705
15448593105281
15412830896513
15449058869633
15448103846273
15448107843969
15449435636097
15449103204737
15448105419137
15449436750209
15449111036289
15449439437185
15448105484673
15449372426625
15447952884097
15449474367873
15449057853825
15449474466177
15449150357889
15447951835521
15449473876353
15449499435393
15448797380993
15449068994945
15449150882177
15449434554753
15449102352769
15449055854977
15449068175745
15449114935681
15449441534337
15449114771841
15448105386369
15449441075585
15448030347649
15449441567105
15448027791745
15449148096897
15449434521985
15448106860929
15449150718337
15449158779265
15449058804097
15449124635009
15448106369409
15448107680129
15448106828161
15449162744193
15449103696257
15449407095169
15449157796225
15449114444161
15448508793217
15447952195969
15449150521729
15448018911617
15449158517121
15448104239489
15449372328321
15448106271105
15449148916097
15449149604225
15448104534401
15449103663489
15449103434113
15447959863681
15449165955457
15448108040577
15449058935169
15449499206017
15448104173953
15448508662145
15449436389761
15449618579841
15449372131713
15449498255745
15449102287233
15448107483521
15448748065153
15449114411393
15449102909825
15448509022593
15448078680449
15449165529473
15448793612673
15448106041729
15449150652801
15448507974017
15449114870145
15449157468545
15448106762625
15449096814977
15449151603073
15448105451905
15449114116481
15448104010113
15449434816897
15449109365121
15447951606145
15449159041409
15448107319681
15448792662401
15449475645825
15449367150977
15449499304321
15449096782209
15449400967553
15449068863873
15449067454849
