15452599517569
15446138061185
15448796266881
15446138683777
15446139634049
15452720169345
15446130426241
15446134784385
15446134129025
15452714271105
15446130819457
15446139928961
15448760582529
15446139699585
15446280765825
15446132523393
15447573463425
15446277161345
15452678947201
15446142910849
15446095036801
15447578870145
15447573856641
15452598993281
15446279192961
15446140027265
15446138618241
15444786413953
15447574086017
15446125838721
15447573692801
15447575789953
15444065026433
15452681077121
15446095856001
15443495747969
15446124233089
15450834764161
15451639480705
15447574610305
15443497812353
15446143402369
15452719481217
15449131876737
15443498303873
15451639415169
15412406780289
15452680651137
15450837942657
15450839482753
15443497746817
15431539818881
15446140125569
15443495780737
15449130336641
15448954372481
15443969147265
15450852557185
15451639120257
15447909532033
15449401753985
15443497582977
