15411555533185
15411565429121
15412434207105
15412302479745
15433461137793
15433461236097
15433461399937
15433461563777
15433462186369
15433463562625
15433464316289
15433464349057
15396249502081
15411554320769
15411554910593
15411556614529
15411563823489
15411564446081
15411565035905
15412241662337
15412291928449
15412297007489
15412297073025
15412297138561
15412299661697
15412299760001
15412301922689
15412302020993
15412302446977
15412302512513
15412304707969
15412304773505
15412304806273
15412304871809
15412305527169
15412306215297
15412306608513
15412306772353
15412307100033
15412307657089
15412307689857
15412307853697
15412361593217
15412405272961
15412406780289
15412408615297
15412432175489
15412433256833
15412447543681
15412463108481
15412476445057
15412658667905
15412659978625
15412677607809
15412678328705
15412751499649
15412751860097
15412752155009
15412825063809
15412825129345
15412825194881
15412828733825
15412830634369
15412830896513
15412831256961
15412899643777
15412899676545
15412902756737
15412902789505
15412902855041
15412902953345
15412911079809
15412911178113
15412911964545
15412915110273
15412915339649
15412915470721
15412916060545
15412918190465
15412919304577
15412919402881
15412919566721
15412919763329
15412945191297
15412945224065
15412945289601
15412945355137
15412949451137
15412949483905
15412959773057
15412959805825
15412959871361
15412960002433
15412960067969
15412960133505
15412960592257
15412964458881
15412964557185
15412964655489
15412964688257
15412964786561
15412964852097
15412969144705
15412969406849
15412976681345
15412976714113
15412976746881
15412976845185
15412977926529
15412978352513
15412978483585
15412978516353
15413023015297
15413023113601
15413023342977
15413024915841
15413025014145
15413025145217
15413041168769
15413041889665
15413042479489
15413043200385
15413060829569
15413061484929
15413061779841
15413074985345
15413076853121
15413077115265
15413077279105
15413077410177
15413079245185
15413079277953
15413079343489
15413083046273
15413083111809
15413083242881
15413083832705
15413083898241
15413083931009
15413084062081
15413084160385
15413085733249
15413085897089
15413086323073
15413241184641
15413649998209
15413651046785
15413724676481
15413724873089
15413726282113
15413736931713
15413738996097
15413739684225
15414270558593
15414270624129
15414270689665
15414270820737
15414271836545
15414271902081
15414490399105
15416026235265
15416342675841
15416343757185
15416343986561
15416470208897
15416491704705
15416493506945
15421165339009
15421165502849
15421165601153
15421165666689
15421165764993
15421166059905
15421166092673
15421167042945
15421167075713
15421167108481
15421167436161
15421167468929
15421171859841
15421171892609
15421226746241
15421328359809
15421328425345
15421364896129
15421364928897
15421414113665
15421414211969
15421414277505
15421442261377
15421501211009
15421502030209
15421502554497
15421513630081
15421516218753
15421517889921
15421530603905
