15396249502081
15396249960833
15412915339649
15450836566401
15450851836289
15450851967361
15450852163969
15454094885249
15470075576705
15478023258497
15479403217281
15479634821505
15480272912769
15480457986433
15480482103681
15480482496897
15480482759041
15480485052801
15483933458817
15484390048129
15484397715841
15484427305345
15484593930625
15484712845697
15484713173377
15485502357889
15485502456193
15485599318401
15488748257665
15488856260993
15493499027841
15493499847041
15493500207489
15493576917377
15493582455169
15493582684545
15493620367745
15493705302401
15493795676545
15493799281025
15493799772545
15493800132993
15493807178113
15493807669633
15493807702401
15493808062849
15493808554369
