15433466118529
15433942565249
15433942827393
15435188765057
15435242832257
15438276886913
15438659453313
15446131081601
15446132228481
15446137930113
15446139765121
15446145499521
15446277292417
15446447194497
15447600365953
15447600628097
15447600791937
15447601217921
15447601381761
15447601611137
15447601774977
15447601971585
15447602168193
15447602364801
15447602561409
15447602758017
15447603020161
15447603216769
15447603413377
15447603609985
15447603806593
15447603937665
15447604101505
15447604265345
15447604461953
15447604658561
15447605051777
15447605313921
15447605510529
15447605739905
15447606002049
15447606198657
15447606428033
15447606657409
15447607673217
15447607968129
15447852679553
15447852843393
15447852941697
15447853859201
15447854055809
15447854186881
15447855399297
15447855497601
15447856087425
15447856152961
15447856251265
15447856316801
15447856415105
15447856513409
15447856578945
15447856644481
15447856742785
15447856841089
15447856906625
15447856972161
15447857037697
15447857103233
15447857168769
15447857234305
15447857299841
15447857398145
15447888265601
15447889084801
15447929389441
15447941316993
15447951311233
15447951507841
15447951606145
15447951835521
15447951999361
15447952195969
15447952327041
15447952425345
15447952753025
15447952884097
15447953179009
15447953342849
15447953473921
15447953572225
15447953736065
15447953932673
15447954227585
15447954456961
15447954620801
15447954817409
15447954981249
15447955177857
15447955341697
15447955505537
15447955636609
15447955800449
15447955964289
15447956128129
15447956324737
15447956521345
15447956685185
15447956816257
15447957012865
15447957143937
15447957340545
15447957864833
15447957963137
15447959077249
15447959241089
15447959699841
15447959863681
15447962091905
15447962648961
15447964254593
15447964975489
15447969235329
15447971234177
15447976739201
15447977296257
15447977427329
15447977525633
15447977722241
15447977820545
15447977984385
15447978508673
15447978639745
15447978934657
15447979065729
15447979229569
15447979393409
15447979491713
15447979622785
15447979819393
15447980147073
15447980474753
15447980638593
15447980802433
15447980966273
15447981097345
15447981457793
15447981654401
15447981719937
15447981851009
15447982014849
15447982145921
15447982309761
15447982440833
15447982571905
15447982768513
15447982899585
15447983063425
15447983194497
15447983325569
15447984243073
15447984406913
15447984472449
15447984636289
15447984832897
15447984996737
15447985160577
15447985521025
15447985717633
15447985881473
15447986012545
15447986176385
15447986405761
15447987814785
15447988240769
15447988699521
15447988830593
15447988896129
15447989322113
15447989453185
15447989617025
15447989911937
15447990043009
15447990403457
15447990632833
15447990763905
15447990960513
15447991189889
15447991484801
15447991779713
15447991943553
15447992074625
15447992467841
15447992598913
15447992729985
15447992992129
15447993090433
15447993254273
15447993418113
15447993581953
15447993745793
15447993876865
15447994171777
15447994630529
15447994794369
15447995056513
15447995482497
15447995679105
15447996203393
15447996957057
15447997251969
15447999316353
15447999807873
15448000397697
15448002593153
15448002986369
15448003084673
15448003346817
15448003608961
15448003936641
15448004297089
15448004690305
15448004821377
15448004919681
15448005083521
15448005247361
15448005411201
15448006394241
15448006525313
15448006689153
15448006885761
15448007016833
15448007147905
15448007278977
15448007410049
15448007573889
15448007672193
15448007803265
15448008163713
15448008327553
15448008491393
15448008655233
15448008786305
15448008884609
15448009048449
15448009212289
15448009343361
15448009507201
15448009703809
15448009834881
15448010260865
15448010391937
15448010555777
15448010719617
15448010883457
15448011014529
15448011178369
15448011342209
15448011538817
15448011702657
15448011833729
15448011932033
15448012259713
15448012390785
15448012554625
15448012751233
15448012915073
15448013078913
15448013242753
15448013406593
15448013570433
15448013734273
15448013898113
15448014029185
15448014127489
15448014291329
15448014520705
15448014684545
15448014881153
15448015012225
15448015176065
15448015274369
15448015405441
15448015569281
15448015733121
15448015864193
15448015995265
15448016224641
15448016355713
15448016519553
15448016650625
15448016814465
15448016945537
15448017076609
15448017174913
15448017273217
15448017371521
15448017502593
15448017633665
15448017830273
15448017961345
15448018092417
15448018223489
15448018354561
15448018485633
15448018649473
15448018911617
15448019075457
15448019206529
15448019370369
15448019501441
15448019796353
15448019927425
15448020255105
15448020418945
15448020582785
15448020746625
15448020943233
15448021565825
15448021762433
15448022188417
15448022450561
15448022712705
15448022974849
15448023138689
15448023302529
15448023466369
15448023630209
15448023761281
15448024580481
15448024940929
15448025268609
15448025530753
15448025661825
15448025825665
15448025891201
15448026022273
15448026186113
15448026382721
15448026579329
15448026743169
15448026907009
15448027169153
15448027300225
15448027464065
15448027791745
15448027955585
15448028217729
15448028381569
15448028643713
15448029331841
15448029495681
15448029626753
15448029757825
15448029987201
15448030183809
15448030347649
15448030511489
15448030708097
15448030839169
15448030970241
15448031101313
15448031297921
15448031527297
15448031756673
15448032018817
15448032280961
15448032510337
15448032772481
15448033001857
15448033296769
15448033460609
15448033689985
15448033886593
15448034181505
15448034443649
15448034673025
15448034935169
15448035230081
15448035459457
15448035688833
15448035950977
15448036213121
15448036442497
15448036704641
15448036802945
15448036934017
15448037130625
15448037294465
15448037425537
15448037622145
15448037753217
15448037917057
15448038080897
15448038277505
15448038605185
15448038769025
15448038998401
15448039129473
15448039260545
15448039489921
15448039719297
15448039915905
15448040046977
15448040309121
15448040407425
15448040571265
15448040735105
15448040898945
15448041062785
15448041193857
15448041259393
15448041423233
15448041619841
15448041914753
15448042045825
15448042209665
15448042307969
15448042406273
15448042570113
15448042865025
15448042963329
15448043028865
15448043061633
15448043094401
15448043127169
15448043225473
15448043258241
15448043291009
15448043323777
15448043389313
15448043422081
15448043487617
15448043520385
15448043585921
15448043618689
15448043651457
15448043749761
15448043782529
15448043815297
15448043848065
15448043880833
15448043913601
15448043946369
15448043979137
15448044011905
15448044110209
15448044142977
15448044208513
15448044241281
15448044306817
15448044339585
15448044372353
15448044405121
15448075829633
15448075862401
15448075895169
15448075927937
15448076059009
15448076484993
15448076681601
15448076943745
15448076976513
15448077009281
15448077042049
15448077074817
15448077140353
15448077173121
15448077205889
15448077238657
15448077271425
15448077304193
15448077336961
15448077402497
15448077435265
15448077697409
15448077730177
15448077861249
15448077894017
15448077959553
15448077992321
15448078025089
15448078057857
15448078123393
15448078188929
15448078221697
15448078254465
15448078287233
15448078320001
15448078352769
15448078418305
15448078451073
15448078483841
15448078516609
15448078549377
15448078582145
15448078647681
15448078680449
15448078713217
15448078745985
15448078778753
15448078811521
15448078844289
15448078909825
15448078942593
15448078975361
15448079008129
15448079040897
15448079073665
15448079106433
15448079139201
15448079237505
15448079303041
15448079335809
15448079401345
15448079434113
15448079532417
15448079597953
15448079663489
15448079696257
15448079860097
15448079991169
15448080089473
15448080122241
15448080155009
15448080744833
15448080941441
