15433466118529
15433942565249
15433942827393
15435177066881
15435188765057
15435242242433
15435242832257
15438276886913
15447600365953
15447603609985
15447607673217
15447607968129
15447888265601
15447954227585
15447954817409
15447955636609
15447955964289
15447957012865
15447977296257
15447978934657
15447979622785
15447980147073
15447980802433
15447981457793
15447981719937
15447981851009
15447982440833
15447983194497
15447983325569
15447984243073
15447984406913
15447984996737
15447985160577
15447986405761
15447988830593
15447988896129
15447989617025
15447990043009
15447990763905
15447991189889
15447991484801
15447991943553
15447992074625
15447992467841
15447992992129
15447993254273
15447993745793
15447996203393
15447997251969
15447999316353
15447999807873
15448000397697
15448003084673
15448004821377
15448005083521
15448005247361
15448005411201
15448006394241
15448006525313
15448006885761
15448007672193
15448007803265
15448008163713
15448008327553
15448008491393
15448008786305
15448009343361
15448009834881
15448010260865
15448010391937
15448010719617
15448011014529
15448011342209
15448011702657
15448011932033
15448012259713
15448012390785
15448012751233
15448012915073
15448013078913
15448013242753
15448013570433
15448014029185
15448014520705
15448015012225
15448015274369
15448015405441
15448015569281
15448015864193
15448015995265
15448016355713
15448016519553
15448016650625
15448016814465
15448016945537
15448017076609
15448017174913
15448017273217
15448017371521
15448017502593
15448017633665
15448017830273
15448017961345
15448018223489
15448018354561
15448018485633
15448018649473
15448018911617
15448019075457
15448019206529
15448019370369
15448019501441
15448019796353
15448019927425
15448020255105
15448020418945
15448020582785
15448020943233
15448021565825
15448021762433
15448022188417
15448022450561
15448022712705
15448022974849
15448023138689
15448023302529
15448023466369
15448023761281
15448024580481
15448024940929
15448025268609
15448025530753
15448025661825
15448025825665
15448025891201
15448026022273
15448026382721
15448026579329
15448026743169
15448026907009
15448027300225
15448027464065
15448027791745
15448027955585
15448028217729
15448028381569
15448028643713
15448029331841
15448029495681
15448029757825
15448029987201
15448030183809
15448030511489
15448030708097
15448030839169
15448030970241
15448031101313
15448031297921
15448031756673
15448032018817
15448032280961
15448032510337
15448032772481
15448033001857
15448033296769
15448033460609
15448033689985
15448033886593
15448034181505
15448034443649
15448034673025
15448034935169
15448035230081
15448035459457
15448035688833
15448035950977
15448036213121
15448036442497
15448036704641
15448036802945
15448036934017
15448037130625
15448037294465
15448037425537
15448037622145
15448037917057
15448038080897
15448038277505
15448038605185
15448038769025
15448038998401
15448039129473
15448039260545
15448039489921
15448039719297
15448039915905
15448040046977
15448040309121
15448040407425
15448040571265
15448040735105
15448040898945
15448041062785
15448041193857
15448041259393
15448041619841
15448041914753
15448042045825
15448042307969
15448042406273
15448042865025
15448043028865
15448043061633
15448043094401
15448043127169
15448043225473
15448043258241
15448043291009
15448043323777
15448043389313
15448043422081
15448043487617
15448043520385
15448043618689
15448043651457
15448043749761
15448043782529
15448043815297
15448043848065
15448043880833
15448043913601
15448043946369
15448043979137
15448044011905
15448044110209
15448044142977
15448044208513
15448044241281
15448044306817
15448044339585
15448044372353
15448044405121
15448075829633
15448075862401
15448075895169
15448075927937
15448076059009
15448076484993
15448076681601
15448076943745
15448076976513
15448077009281
15448077042049
15448077074817
15448077140353
15448077173121
15448077205889
15448077238657
15448077271425
15448077304193
15448077402497
15448077435265
15448077697409
15448077730177
15448077861249
15448077894017
15448077959553
15448078025089
15448078057857
15448078123393
15448078188929
15448078254465
15448078287233
15448078320001
15448078418305
15448078451073
15448078483841
15448078549377
15448078582145
15448078647681
15448078680449
15448078713217
15448078778753
15448078844289
15448078909825
15448078942593
15448078975361
15448079008129
15448079040897
15448079073665
15448079106433
15448079139201
15448079237505
15448079303041
15448079335809
15448079401345
15448079434113
15448079499649
15448079532417
15448079565185
15448079597953
15448079630721
15448079663489
15448079696257
15448079761793
15448079794561
15448079827329
15448079860097
15448079892865
15448079991169
15448080089473
15448080122241
15448080155009
15448080187777
15448080220545
15448080253313
15448080286081
15448080384385
15448080417153
15448080449921
15448080482689
15448080548225
15448080580993
15448080613761
15448080646529
15448080679297
15448080712065
15448080744833
15448080777601
15448080810369
15448080843137
15448080908673
15448080941441
15448081006977
15448081039745
15448081072513
15448081105281
15448081138049
15448081170817
15448081203585
15448081269121
15448081301889
15448081334657
15448081367425
15448081400193
15448081432961
15448081465729
15448081498497
15448081564033
15448081629569
15448081662337
15448081695105
15448081727873
15448081760641
15448081793409
15448088281473
15448088412545
15448088478081
15448088576385
15448088609153
15448088740225
15448088904065
15448088936833
15448088969601
15448089002369
15448089067905
15448089100673
15448089133441
15448089198977
15448089493889
15448089559425
15448089592193
15448089624961
15448089690497
15448089788801
15448089821569
15448089919873
15448089952641
15448089985409
15448090018177
15448090050945
15448090214785
15448090280321
15448090313089
15448090345857
15448090411393
15448090444161
15448090542465
15448090575233
15448090804609
15448090902913
15448091001217
15448091033985
15448091066753
15448091132289
15448091197825
15448091230593
15448091263361
15448091328897
15448091361665
15448091394433
15448091427201
15448091492737
15448091525505
15448091591041
15448091820417
15448091885953
15448092115329
15448092213633
15448092246401
15448092279169
15448092311937
15448092344705
15448092377473
15448092443009
15448092475777
15448092508545
15448092541313
15448092574081
15448092606849
15448092672385
15448092705153
15448092737921
15448092770689
15448092803457
15448092836225
15448092934529
15448093000065
15448093032833
15448093065601
15448093098369
15448093196673
15448093229441
15448093294977
15448093327745
15448093360513
15448093393281
15448093458817
15448093524353
15448093557121
15448093688193
15448093720961
15448093753729
15448093786497
15448093819265
15448093917569
15448093983105
15448094179713
15448094212481
15448094278017
15448094409089
15448096145793
15448096276865
15448096375169
15448096440705
15448096473473
15448096506241
15448096539009
15448096604545
15448096637313
15448096670081
15448096735617
15448096899457
15448096964993
15448097030529
15448097063297
15448097194369
15448097227137
15448097325441
15448097390977
15448097456513
15448097489281
15448097554817
15448097587585
15448097620353
15448097849729
15448097915265
15448097980801
15448098111873
15448098177409
15448098210177
15448098242945
15448098308481
15448098341249
15448098374017
15448098472321
15448098505089
15448098570625
15448098603393
15448098636161
15448098701697
15448098734465
15448098800001
15448098832769
15448098865537
15448098931073
15448098996609
15448099029377
15448099062145
15448099094913
15448099160449
15448099193217
15448099225985
15448099324289
15448099389825
15448099422593
15448099619201
15448099651969
15448099717505
15448099783041
15448099914113
15448100045185
15448100143489
15448100241793
15448100274561
15448100307329
15448100372865
15448100438401
15448100503937
15448100536705
15448100569473
15448100667777
15448100700545
15448100766081
15448100798849
15448100929921
15448100995457
15448101028225
15448101060993
15448101093761
15448101192065
15448101257601
15448101290369
15448101323137
15448101388673
15448101421441
15448101519745
15448101552513
15448101585281
15448101618049
15448101683585
15448101945729
15448101978497
15448102011265
15448102044033
15448102076801
15448102207873
15448102240641
15448102306177
15448102371713
15448102404481
15448102437249
15448102601089
15448102633857
15448102732161
15448102764929
15448102797697
15448102896001
15448102961537
15448102994305
15448103027073
15448103092609
15448103125377
15448103158145
15448103223681
15448103256449
15448103289217
15448103321985
15448103354753
15448103420289
15448103453057
15448103780737
15448103813505
15448103846273
15448103879041
15448103944577
15448103977345
15448104042881
15448104141185
15448104173953
15448104206721
15448104239489
15448104305025
15448104337793
15448104370561
15448104468865
15448104501633
15448104534401
15448104567169
15448104632705
15448104665473
15448104698241
15448104763777
15448104862081
15448105288065
15448105353601
15448105386369
15448105419137
15448105451905
15448105484673
15448105517441
15448105550209
15448105714049
15448105746817
15448105779585
15448105910657
15448106107265
15448106140033
15448106172801
15448106238337
15448106271105
15448106336641
15448106369409
15448106402177
15448106434945
15448106467713
15448106500481
15448106533249
15448106598785
15448106664321
15448106697089
15448106729857
15448106762625
15448106795393
15448106828161
15448106860929
15448106926465
15448106959233
15448106992001
15448107090305
15448107188609
15448107221377
15448107254145
15448107319681
15448107385217
15448107417985
15448107450753
15448107483521
15448107549057
15448107581825
15448107614593
15448107680129
15448107778433
15448107811201
15448107843969
15448107942273
15448108007809
15448108040577
15448108138881
15448115839361
15448494866817
15448495063425
15448495194497
15448495260033
15448495325569
15448495456641
15448495587713
15448495751553
15448496079233
15448496112001
15448496144769
15448496177537
15448496308609
15448496341377
15448498897281
15448499028353
15448499749249
15448499814785
15448499847553
15448500011393
15448500175233
15448500273537
15448500404609
15448500437377
15448500470145
15448500994433
15448501059969
15448501092737
15448501125505
15448501223809
15448501256577
15448501354881
15448501551489
15448501780865
15448501813633
15448501846401
15448501879169
15448501911937
15448501944705
15448501977473
15448502010241
15448502075777
15448502141313
15448502239617
15448502436225
15448502600065
15448502698369
15448502731137
15448502862209
15448503026049
15448503124353
15448503189889
15448503255425
15448503320961
15448503353729
15448503452033
15448503681409
15448503714177
15448503746945
15448504074625
15448504238465
15448504304001
15448504336769
15448504533377
15448504828289
15448504992129
15448505221505
15448505287041
15448505352577
15448505385345
15448505418113
15448505844097
15448505876865
15448505975169
15448506007937
15448506106241
15448506139009
15448506171777
15448506204545
15448506237313
15448506368385
15448506761601
15448507089281
15448507416961
15448507711873
15448507974017
15448508367233
15448508662145
15448508727681
15448508760449
15448508793217
15448508858753
15448508891521
15448509022593
15448509153665
15448509383041
15448509514113
15448509579649
15448509612417
15448517345665
15448517443969
15448517509505
15448517575041
15448517902721
15448518263169
15448518427009
15448518459777
15448518525313
15448518558081
15448518623617
15448518689153
15448518754689
15448518820225
15448518852993
15448518918529
15448518984065
15448519016833
15448519246209
15448519475585
15448519508353
15448519606657
15448519672193
15448519704961
15448519770497
15448519836033
15448520032641
15448520098177
15448520130945
15448520163713
15448520294785
15448520360321
15448520425857
15448520524161
15448520589697
15448520753537
15448520819073
15448520982913
15448521081217
15448521146753
15448521245057
15448521277825
15448521310593
15448521376129
15448521441665
15448521474433
15448521605505
15448521671041
15448521769345
15448565318017
15448565383553
15448565678465
15448565973377
15448566038913
15448566137217
15448566235521
15448566301057
15448566464897
15448566661505
15448566759809
15448566858113
15448566956417
15448566989185
15448567054721
15448567087489
15448567218561
15448567480705
15448567644545
15448567972225
15448568037761
15448568103297
15448568234369
15448568267137
15448568398209
15448568725889
15448568922497
15448569053569
15448569151873
15448569184641
15448588583297
15448589205889
15448590123393
15448590188929
15448590320001
15448590352769
15448590385537
15448590418305
15448590483841
15448590549377
15448590614913
15448590647681
15448590680449
15448590713217
15448590745985
15448590778753
15448590844289
15448590909825
15448590975361
15448591008129
15448591139201
15448591270273
15448591401345
15448591434113
15448591466881
15448591532417
15448591630721
15448591663489
15448591761793
15448591794561
15448591860097
15448591892865
15448591958401
15448592089473
15448592286081
15448592417153
15448592515457
15448592580993
15448592613761
15448592646529
15448592777601
15448592810369
15448592843137
15448592908673
15448593006977
15448593039745
15448593105281
15448593138049
15448593236353
15448593269121
15448593432961
15448593564033
15448593760641
15448593826177
15448593858945
15448593924481
15448593957249
15448594088321
15448594186625
15448594416001
15448594514305
15448594612609
15448594710913
15448594907521
15448595169665
15448595267969
15448595300737
15448595333505
15448595366273
15448595431809
15448595497345
15448595562881
15448595628417
15448595661185
15448595726721
15448595759489
15448596119937
15448597168513
15448599331201
15448657265025
15448657527169
15448657625473
15448657723777
15448657854849
15448657887617
15448657920385
15448658018689
15448658051457
15448658084225
15448658116993
15448658280833
15448658477441
15448659001729
15448659165569
15448659198337
15448659263873
15448659329409
15448659362177
15448659460481
15448659558785
15448659657089
15448659755393
15448659788161
15448659853697
15448659886465
15448659919233
15448660050305
15448660115841
15448660214145
15448660279681
15448660312449
15448660345217
15448660377985
15448660541825
15448660738433
15448660869505
15448661000577
15448661066113
15448661131649
15448661459329
15448661623169
15448661787009
15448661983617
15448662114689
15448662311297
15448662442369
15448662606209
15448662901121
15448662999425
15448663163265
15448663392641
15448663654785
15448664211841
15448664441217
15448664605057
15448665850241
15448666866049
15448668504449
15448668930433
15448670011777
15448670798209
15448672207233
15448672305537
15448673288577
15448675811713
15448699765121
15448699797889
15448699961729
15448700191105
15448700223873
15448700289409
15448700420481
15448700453249
15448701010305
15448701403521
15448701534593
15448701927809
15448702091649
15448702288257
15448702321025
15448702386561
15448702615937
15448702714241
15448702910849
15448703107457
15448703172993
15448703271297
15448703467905
15448703500673
15448703566209
15448703664513
15448703795585
15448703926657
15448703959425
15448704024961
15448704188801
15448704352641
15448704450945
15448704516481
15448704549249
15448704582017
15448704614785
15448704680321
15448704778625
15448704811393
15448704844161
15448705040769
15448705171841
15448705728897
15448705827201
15448705859969
15448705958273
15448706154881
15448706384257
15448706515329
15448706613633
15448706679169
15448706744705
15448706941313
15448707170689
15448707367297
15448707596673
15448707727745
15448707760513
15448707858817
15448712413569
15448712446337
15448712577409
15448712642945
15448712675713
15448712839553
15448712872321
15448713003393
15448713101697
15448713200001
15448713232769
15448713363841
15448713625985
15448713724289
15448713757057
15448713822593
15448713855361
15448713888129
15448714314113
15448714346881
15448714609025
15448714674561
15448714740097
15448714838401
15448715133313
15448715198849
15448715329921
15448715559297
15448715657601
15448715723137
15448715755905
15448715788673
15448715886977
15448715985281
15448716018049
15448716050817
15448716116353
15448716214657
15448716378497
15448716509569
15448716673409
15448716771713
15448717197697
15448717787521
15448717918593
15448718541185
15448719196545
15448719982977
15448720310657
15448720343425
15448720769409
15448720867713
15448746754433
15448746787201
15448746983809
15448747245953
15448747278721
15448747409793
15448747475329
15448747671937
15448747966849
15448747999617
15448748065153
15448748097921
15448748425601
15448748491137
15448748556673
15448748720513
15448748818817
15448748884353
15448748949889
15448749048193
15448750752129
15448750883201
15448750981505
15448751014273
15448751079809
15448751341953
15448751440257
15448751538561
15448751800705
15448761500033
15448761631105
15448761958785
15448762188161
15448762286465
15448762319233
15448762384769
15448762450305
15448762646913
15448762712449
15448762909057
15448763040129
15448763171201
15448763302273
15448763335041
15448763400577
15448763564417
15448763761025
15448763859329
15448763957633
15448764055937
15448764121473
15448764219777
15448764285313
15448764580225
15448764940673
15448765071745
15448765268353
15448765333889
15448765497729
15448765628801
15448765727105
15448765759873
15448765890945
15448766022017
15448766054785
15448766251393
15448766316929
15448766513537
15448766579073
15448766644609
15448766742913
15448773001601
15448773427585
15448773525889
15448773624193
15448773755265
15448774017409
15448774082945
15448774181249
15448774279553
15448786338177
15448787222913
15448787353985
15448787550593
15448787583361
15448787681665
15448787747201
15448787845505
15448788009345
15448788042113
15448788074881
15448788238721
15448788271489
15448788337025
15448788402561
15448788468097
15448788599169
15448788664705
15448788763009
15448788992385
15448789156225
15448789221761
15448789385601
15448789483905
15448789549441
15448789647745
15448789713281
15448789778817
15448789877121
15448789975425
15448790106497
15448790139265
15448790237569
15448790270337
15448790303105
15448790368641
15448790401409
15448790499713
15448790565249
15448790663553
15448790761857
15448791220609
15448791384449
15448791712129
15448792105345
15448792662401
15448792826241
15448793022849
15448793448833
15448793612673
15448794136961
15448796529025
15448796889473
15448797053313
15448797380993
15448797512065
15448797643137
15448797708673
15448797741441
15448797839745
15449006440833
15449011585409
15449042485633
15449042551169
15449042583937
15449042715009
15449042813313
15449042944385
15449043173761
15449043435905
15449043992961
15449044582785
15449044779393
15449054249345
15449054577025
15449055232385
15449055265153
15449055494529
15449055756673
15449055854977
15449056215425
15449056346497
15449056412033
15449056510337
15449056674177
15449056903553
15449057001857
15449057100161
15449057165697
15449057264001
15449057329537
15449057460609
15449057526145
15449057624449
15449057722753
15449057853825
15449057952129
15449058017665
15449058083201
15449058181505
15449058279809
15449058345345
15449058378113
15449058509185
15449058640257
15449058738561
15449058804097
15449058869633
15449058935169
15449059033473
15449059099009
15449059131777
15449059164545
15449059230081
15449059328385
15449059426689
15449059492225
15449059524993
15449059590529
15449059688833
15449059754369
15449059819905
15449059852673
15449059950977
15449060114817
15449060213121
15449060573569
15449060737409
15449060770177
15449060868481
15449060966785
15449061065089
15449061163393
15449061196161
15449061261697
15449061327233
15449061392769
15449061425537
15449061491073
15449061523841
15449061589377
15449061654913
15449061687681
15449061753217
15449061785985
15449061982593
15449062146433
15449062408577
15449062605185
15449062801793
15449062965633
15449064178049
15449064931713
15449065193857
15449065357697
15449065488769
15449066242433
15449066701185
15449067356545
15449067389313
15449067422081
15449067454849
15449067553153
15449067684225
15449067716993
15449067782529
15449067815297
15449068011905
15449068077441
15449068175745
15449068208513
15449068274049
15449068306817
15449068437889
15449068503425
15449068568961
15449068634497
15449068765569
15449068863873
15449068929409
15449068994945
15449096683905
15449096782209
15449096814977
15449096978817
15449100288385
15449100452225
15449100517761
15449100550529
15449100616065
15449100648833
15449100681601
15449101795713
15449101828481
15449101861249
15449101894017
15449101926785
15449101959553
15449102090625
15449102123393
15449102156161
15449102188929
15449102254465
15449102287233
15449102320001
15449102352769
15449102385537
15449102451073
15449102516609
15449102549377
15449102582145
15449102614913
15449102647681
15449102745985
15449102909825
15449102975361
15449103040897
15449103073665
15449103139201
15449103171969
15449103204737
15449103237505
15449103335809
15449103401345
15449103434113
15449103499649
15449103532417
15449103565185
15449103597953
15449103663489
15449103696257
15449103729025
15449103794561
15449103892865
15449103925633
15449103991169
15449104056705
15449104122241
15449104187777
15449104220545
15449104286081
15449104318849
15449104351617
15449104417153
15449104449921
15449104515457
15449104580993
15449104613761
15449104679297
15449104712065
15449104744833
15449104843137
15449104941441
15449104974209
15449105039745
15449105072513
15449105105281
15449105138049
15449105170817
15449105203585
15449105269121
15449105301889
15449105334657
15449105367425
15449105400193
15449105564033
15449105957249
15449106088321
15449106252161
15449106841985
15449107530113
15449107562881
15449107661185
15449107693953
15449107726721
15449107792257
15449107890561
15449107923329
15449107956097
15449107988865
15449108021633
15449108054401
15449108087169
15449108152705
15449108185473
15449108218241
15449108251009
15449108283777
15449108316545
15449108414849
15449108447617
15449108480385
15449108513153
15449108545921
15449108578689
15449108611457
15449108676993
15449108709761
15449108742529
15449108840833
15449109070209
15449109266817
15449109365121
15449109430657
15449109463425
15449109496193
15449109528961
15449109561729
15449109627265
15449109660033
15449109692801
15449109725569
15449109758337
15449109791105
15449109823873
15449109922177
15449109954945
15449109987713
15449110020481
15449110086017
15449110118785
15449110184321
15449110217089
15449110249857
15449110315393
15449110348161
15449110413697
15449110446465
15449110512001
15449110544769
15449110577537
15449110610305
15449110643073
15449110675841
15449110708609
15449110741377
15449110774145
15449110839681
15449110872449
15449110905217
15449110937985
15449110970753
15449111003521
15449111036289
15449111167361
15449111232897
15449111298433
15449111331201
15449111658881
15449111888257
15449111986561
15449113100673
15449113264513
15449113428353
15449113592193
15449113624961
15449113657729
15449113690497
15449113756033
15449113788801
15449113821569
15449113854337
15449113887105
15449113919873
15449113952641
15449113985409
15449114050945
15449114116481
15449114149249
15449114214785
15449114247553
15449114280321
15449114313089
15449114378625
15449114411393
15449114444161
15449114476929
15449114542465
15449114673537
15449114771841
15449114804609
15449114870145
15449114902913
15449114935681
15449124635009
15449147605377
15449147638145
15449147670913
15449147900289
15449148064129
15449148096897
15449148129665
15449148293505
15449148490113
15449148719489
15449148916097
15449149079937
15449149276545
15449149440385
15449149473153
15449149505921
15449149538689
15449149571457
15449149604225
15449149669761
15449149702529
15449149800833
15449149866369
15449149899137
15449149964673
15449149997441
15449150030209
15449150062977
15449150095745
15449150128513
15449150194049
15449150226817
15449150292353
15449150357889
15449150423425
15449150456193
15449150521729
15449150554497
15449150620033
15449150652801
15449150685569
15449150718337
15449150751105
15449150816641
15449150849409
15449150882177
15449150947713
15449151013249
15449151078785
15449151144321
15449151177089
15449151209857
15449151242625
15449151275393
15449151308161
15449151340929
15449151406465
15449151504769
15449151570305
15449151603073
15449151635841
15449151668609
15449151734145
15449151832449
15449151930753
15449151963521
15449151996289
15449152061825
15449152094593
15449152160129
15449152487809
15449152717185
15449154486657
15449154748801
15449154847105
15449154879873
15449154912641
15449154978177
15449155076481
15449155109249
15449155174785
15449155273089
15449155305857
15449155436929
15449155469697
15449155502465
15449155535233
15449155600769
15449155633537
15449155666305
15449155731841
15449155993985
15449156026753
15449156157825
15449156190593
15449156223361
15449156256129
15449156288897
15449156321665
15449156387201
15449156419969
15449156452737
15449156485505
15449156518273
15449156714881
15449156780417
15449156845953
15449156911489
15449157042561
15449157108097
15449157271937
15449157468545
15449157632385
15449157796225
15449158025601
15449158222209
15449158254977
15449158287745
15449158320513
15449158353281
15449158418817
15449158484353
15449158517121
15449158615425
15449158648193
15449158680961
15449158746497
15449158779265
15449158812033
15449158844801
15449158877569
15449158910337
15449158943105
15449159041409
15449159074177
15449159238017
15449159336321
15449159434625
15449159500161
15449159532929
15449159598465
15449160778113
15449160876417
15449160909185
15449161007489
15449161040257
15449161105793
15449161138561
15449161400705
15449161859457
15449162744193
15449162875265
15449163039105
15449163628929
15449164054913
15449165169025
15449165201793
15449165300097
15449165398401
15449165496705
15449165529473
15449165595009
15449165660545
15449165693313
15449165758849
15449165791617
15449165824385
15449165955457
15449166020993
15449166053761
15449366397313
15449366659457
15449366823297
15449366987137
15449367150977
15449368461697
15449368691073
15449368854913
15449369117057
15449369510273
15449369969025
15449370132865
15449370460545
15449371115905
15449371246977
15449371672961
15449371836801
15449372098945
15449372131713
15449372197249
15449372295553
15449372328321
15449372361089
15449372426625
15449372459393
15449373475201
15449383010689
15449383764353
15449383829889
15449384288641
15449384485249
15449384616321
15449384747393
15449384812929
15449384911233
15449385140609
15449385238913
15449385927041
15449386385793
15449386484097
15449386549633
15449386647937
15449386811777
15449387008385
15449387499905
15449388155265
15449389105537
15449389203841
15449389302145
15449389367681
15449389498753
15449389629825
15449389859201
15449389957505
15449390154113
15449390776705
15449390973313
15449391038849
15449391137153
15449391300993
15449391366529
15449391432065
15449391530369
15449392152961
15449392185729
15449392251265
15449392316801
15449392480641
15449392873857
15449393070465
15449393136001
15449393168769
15449393234305
15449393299841
15449393332609
15449393725825
15449393758593
15449393824129
15449393922433
15449394413953
15449394446721
15449394545025
15449394577793
15449394741633
15449394807169
15449394905473
15449394938241
15449395036545
15449395102081
15449395986817
15449396052353
15449396085121
15449396117889
15449396150657
15449396281729
15449396380033
15449397297537
15449397920129
15449397952897
15449398018433
15449398116737
15449398804865
15449398837633
15449398903169
15449398935937
15449399034241
15449399198081
15449399361921
15449400803713
15449400869249
15449400967553
15449401065857
15449401524609
15449401557377
15449401622913
15449401688449
15449401950593
15449402048897
15449402114433
15449402638721
15449403031937
15449403163009
15449403326849
15449403490689
15449403588993
15449403621761
15449403687297
15449404309889
15449405325697
15449407029633
15449407095169
15449407193473
15449407586689
15449407750529
15449428066689
15449434227073
15449434292609
15449434325377
15449434358145
15449434423681
15449434456449
15449434489217
15449434521985
15449434554753
15449434620289
15449434653057
15449434685825
15449434718593
15449434751361
15449434816897
15449434882433
15449434915201
15449434980737
15449435079041
15449435210113
15449435242881
15449435275649
15449435341185
15449435406721
15449435439489
15449435472257
15449435505025
15449435537793
15449435570561
15449435603329
15449435636097
15449435701633
15449435767169
15449435799937
15449435832705
15449435865473
15449435898241
15449435931009
15449436062081
15449436225921
15449436258689
15449436291457
15449436356993
15449436389761
15449436455297
15449436488065
15449436553601
15449436586369
15449436619137
15449436684673
15449436750209
15449436782977
15449436815745
15449436848513
15449436914049
15449436946817
15449438683521
15449438880129
15449438978433
15449439306113
15449439338881
15449439371649
15449439437185
15449439961473
15449440354689
15449440387457
15449440452993
15449440485761
15449440518529
15449440551297
15449440616833
15449440649601
15449440682369
15449440747905
15449440813441
15449440846209
15449440878977
15449441010049
15449441042817
15449441075585
15449441108353
15449441141121
15449441206657
15449441239425
15449441370497
15449441534337
15449441567105
15449441632641
15449441665409
15449441698177
15449441730945
15449441796481
15449441862017
15449441927553
15449441960321
15449441993089
15449442025857
15449442058625
15449442124161
15449442222465
15449473450369
15449473581441
15449473614209
15449473646977
15449473778049
15449473843585
15449473876353
15449473909121
15449473941889
15449473974657
15449474105729
15449474138497
15449474171265
15449474204033
15449474236801
15449474269569
15449474302337
15449474335105
15449474367873
15449474433409
15449474466177
15449474531713
15449474564481
15449474630017
15449474662785
15449474695553
15449474728321
15449474761089
15449474793857
15449474859393
15449474924929
15449474957697
15449474990465
15449475023233
15449475056001
15449475121537
15449475154305
15449475187073
15449475219841
15449475285377
15449475318145
15449475350913
15449475383681
15449475416449
15449475481985
15449475514753
15449475547521
15449475580289
15449475645825
15449475711361
15449475744129
15449475776897
15449475809665
15449475842433
15449475875201
15449475940737
15449476039041
15449476071809
15449476104577
15449476137345
15449476235649
15449476432257
15449476727169
15449476759937
15449476792705
15449476858241
15449476891009
15449476923777
15449476956545
15449477054849
15449477087617
15449477120385
15449477153153
15449477185921
15449477251457
15449496060289
15449497665921
15449497764225
15449497895297
15449497993601
15449498059137
15449498091905
15449498255745
15449498386817
15449498452353
15449498616193
15449498911105
15449498943873
15449499074945
15449499107713
15449499206017
15449499304321
15449499435393
15449499533697
15449499566465
15449499697537
15449502351745
15449504514433
15449504809345
15449504874881
15449504973185
15449505005953
15449508774273
15449508807041
15449508839809
15449508905345
15449508938113
15449508970881
15449509003649
15449509069185
15449509101953
15449509134721
15449509200257
15449509233025
15449509265793
15449509298561
15449509429633
15449509462401
15449509495169
15449509527937
15449509560705
15449509626241
15449509691777
15449509757313
15449509790081
15449509822849
15449509855617
15449509888385
15449509921153
15449509986689
15449510019457
15449510052225
15449510084993
15449510117761
15449510150529
15449510183297
15449510216065
15449510281601
15449510314369
15449510347137
15449510379905
15449510412673
15449510445441
15449510478209
15449510543745
15449510576513
15449510609281
15449510642049
15449510674817
15449510707585
15449510740353
15449512640897
15449512706433
15449512771969
15449512804737
15449512870273
15449512903041
15449568674177
15449568739713
15449568805249
15449568969089
15449569067393
15449569100161
15449569132929
15449569165697
15449569198465
15449569264001
15449569427841
15449569460609
15449569624449
15449576341889
15449576505729
15449576604033
15449576636801
15449576669569
15449576767873
15449576833409
15449576866177
15449576931713
15449576964481
15449577030017
15449577062785
15449577095553
15449577128321
15449577161089
15449577226625
15449577357697
15449577488769
15449579028865
15449579487617
15449579913601
15449580011905
15449580044673
15449580110209
15449580142977
15449580208513
15449580306817
15449580405121
15449580536193
15449580634497
15449580798337
15449580896641
15449580994945
15449581060481
15449581257089
15449581322625
15449581355393
15449581388161
15449618481537
15449618514305
15449618579841
15449618645377
15449665175937
15449790316929