1360518744
1360518734
1360518720
1360518698
1359242699
1359242595
1359242546
1359242545
1356212048
1356212042
1356212034
1356211629
1356210327
1356210314
1356210303
1350759449
1350759330
1350758975
1350756209
1350756166
1350756111
1350756108
1350756090
1350755827
1350755094
1350754796
1350754265
1350754153
1350754072
1350753512
1350753504
1350753057
1350752341
1350752184
1350751690
1350751538
1350751536
1350751262
1350751095
1350751093
1350751090
1350750867
1350750803
1350750795
1350750785
1350750675
1350750671
1350750603
1350750495
1350750394
1350750381
1350750371
1350750116
1350749517
1350748694
1350735961
1350734705
1350734499
1350733619
1350733574
1350732626
1350732564
1350731265
1350731217
1350731167
1350731116
1350731103
1350731077
1350731010
1350730929
1350729354
1350727822
1350727111
1350727033
1350726919
1350726872
1350726796
1350725957
1350725911
1350725904
1350725834
1350724533
1350724508
1350724500
1350724483
1350724466
1350724446
1350693583
1350693556
1350691659
1350691397
1350690817
1350690248
1350689515
1350689494
1350689197
1350687918
1350687361
1350686141
1350686138
1350686024
1350685524
1350685502
1350684901
1350684500
1350683337
1350682155
1350646872
1350646560
1350646548
1350646296
1350646000
1350645996
1350645992
1350645986
1350645939
1350645937
1350645931
1350645927
1350645922
1350645920
1350645916
1350645784
1350645783
1350645779
1350645728
