# Kandidaten für automation/mobilfunk_netz_pruefen.py --liste (Titel = SIM-fähiges Gerät), aus versprechen_export.jsonl
15411556614529
15447569170817
15447877747073
15494123127169
15496229388673
15496389099905
15496442151297
15496510079361
15496705835393
15496851685761
15497180414337
15497360933249
15497439969665
15500402721153
15500912722305
15500935201153
15500983402881
15501919158657
15501941735809
15501942686081
15502305493377
15503084618113
15503123087745
15503124562305
15503147630977
15503149072769
15448877662593
15448877826433
15448879464833
15448880054657
15448881365377
15448883560833
15448883659137
15503288402305
15503289024897
15503304720769
15504104817025
15504141255041
15504149873025
15504293757313
15504295461249
15506289688961
15506537611649
15508418363777
15508424065409
15508424163713
15508424262017
15509354840449
15509354971521
15509366702465
15509366833537
15509370929537
15509377188225
15510305997185
15510322053505
15510924394881
15512346132865
15516058485121
15516059074945
15516059632001
15516100788609
15516154462593
15516154888577
15516155707777
15516156395905
15516156821889
15516196667777
15517550772609
15517621551489
15517646094721
15518576247169
15518595187073
15518595318145
15518596104577
15518618124673
15519834341761
15519834636673
15521252409729
15521253982593
15522058666369
15522194522497
15522216771969
15522458861953
15523129000321
15523210658177
15523223404929
15524229972353
15524230594945
15524695835009
15524696949121
15449119621505
15449119785345
15449119916417
15449128042881
15449128075649
15449128403329
15449128894849
15449128960385
15524887167361
15525143937409
15525511659905
15525512151425
15525513101697
15525513232769
16604908585351
16604912157063
16604931686791
16604931948935
16604933292423
16609739768199
16612778738055
16612780016007
16612790894983
16612792172935
16613763907975
16613764071815
15449178341761
15449178603905
15449453035905
15449583845761
15450168918401
15450170065281
15450170392961
15450170786177
15450171572609
15450171769217
15450172195201
15450172719489
15450214072705
15450214269313
15450214498689
15450832437633
15450858750337
15454036558209
15454046126465
15458675130753
15459128443265
15459128836481
15459292152193
15460665393537
15463585218945
15472218145153
15473076633985
15475225821569
15477132067201
15479339942273
15479340073345
15479375593857
15479417962881
15479468786049
15479469146497
15479470358913
15479484744065
15479485333889
15479486579073
15479486808449
15479487758721
15479513874817
15480459231617
15480459460993
15480481448321
15480828199297
15481070190977
15481712902529
15481800851841
15484700164481
15485736288641
15489552417153
15491976200577
15491976528257
15493850923393
15493851283841
15493916524929
